15
kannyi.png
0
618
1004
0
-1,5707908322894022
cavalry
friend

722
1028
1
-1,5707877797863499
footman
friend

843
1021
2
-1,676088416085411
footman
friend

983
1021
3
-1,558368395251627
footman
friend

779
1151
4
-1,7934393195086848
footman
friend

910
1149
5
-1,570779377642356
footman
friend

1120
996
6
-1,7884377760294194
cavalry
friend

1410
647
7
1,5707963267948966
cavalry
enemy

1289
683
8
1,5707799333522752
footman
enemy

1166
682
9
1,4876344052869577
footman
enemy

1045
698
10
1,6142255240527534
footman
enemy

921
664
11
1,3596859204638827
footman
enemy

797
683
12
1,2678924786985735
footman
enemy

664
680
13
1,9942240263800721
footman
enemy

550
668
14
1,720590335700695
cavalry
enemy

end
